-0.00384				
-0.01045				
-0.01566				
-0.01252				
-0.00509				
-0.00066				
-0.00119				
0.00151				
0.0096				
0.01903				
0.0298				
0.0447				
0.05813				
0.05919				
0.04717				
0.03734				
0.03862				
0.03952				
0.02551				
0.00401				
-0.00246				
0.01616				
0.04424				
0.05825				
0.05624				
0.05494				
0.06092				
0.06082				
0.04512				
0.02				
-0.00162				
-0.01627				
-0.0325				
-0.05431				
-0.05995				
-0.02107				
0.05178				
0.10442				
0.09709				
0.05567				
0.03494				
0.04344				
0.03984				
0.00016				
-0.05856				
-0.10794				
-0.12472				
-0.08827				
-0.0021				
0.08989				
0.13639				
0.13061				
0.10922				
0.09658				
0.06673				
-0.01751				
-0.12989				
-0.17955				
-0.11792				
-0.01151				
0.04911				
0.08219				
0.15592				
0.23217				
0.20479				
0.09078				
0.01123				
-0.02647				
-0.13726				
-0.29472				
-0.30305				
-0.11116				
0.06069				
0.05383				
-0.00182				
0.07403				
0.21521				
0.22978				
0.08281				
-0.08698				
-0.1598				
-0.13153				
-0.07041				
-0.0414				
-0.02781				
0.04861				
0.1856				
0.24711				
0.16696				
0.05954				
0.03028				
0.00345				
-0.10909				
-0.215				
-0.18565				
-0.08563				
-0.07862				
-0.16913				
-0.2195				
-0.16002				
-0.05181				
0.01439				
0.00297				
-0.03523				
-0.00003				
0.12741				
0.22219				
0.16195				
-0.00822				
-0.14204				
-0.16079				
-0.0783				
0.06879				
0.22344				
0.30897				
0.30271				
0.24646				
0.15342				
-0.00327				
-0.18633				
-0.30151				
-0.31319				
-0.25667				
-0.14888				
-0.01282				
0.08411				
0.10025				
0.07383				
0.00979				
-0.13421				
-0.30233				
-0.32532				
-0.16477				
0.00599				
0.05851				
0.06999				
0.12788				
0.16689				
0.12547				
0.07126				
0.06361				
0.04987				
-0.01853				
-0.11318				
-0.21227				
-0.29353				
-0.2496				
-0.0096				
0.25498				
0.28072				
0.09339				
-0.00764				
0.08611				
0.11143				
-0.14164				
-0.45338				
-0.4658				
-0.17634				
0.09765				
0.17725				
0.17217				
0.19811				
0.19035				
0.09141				
0.00299				
0.02487				
0.08529				
0.06412				
-0.02077				
-0.06866				
-0.05032				
-0.03084				
-0.07876				
-0.21226				
-0.37453				
-0.46563				
-0.44632				
-0.39785				
-0.40332				
-0.40491				
-0.28934				
-0.06872				
0.13011				
0.22229				
0.19731				
0.05627				
-0.146				
-0.22891				
-0.01711				
0.40834				
0.71625				
0.66491				
0.37219				
0.15148				
0.10839				
0.03075				
-0.29013				
-0.73828				
-0.9967				
-0.93992				
-0.76724				
-0.71217				
-0.78242				
-0.83324				
-0.77843				
-0.61476				
-0.35256				
-0.01143				
0.32583				
0.55772				
0.64614				
0.62501				
0.54554				
0.44982				
0.3659				
0.30952				
0.3313				
0.51919				
0.87192				
1.2203				
1.4092				
1.4859				
1.5748				
1.614				
1.4038				
0.86863				
0.15074				
-0.54071				
-1.0365				
-1.251				
-1.2285				
-1.0889				
-0.87163				
-0.54639				
-0.21681				
-0.10891				
-0.3056				
-0.64626				
-0.97012				
-1.2596				
-1.5161				
-1.6619				
-1.6584				
-1.5601				
-1.4124				
-1.1866				
-0.88098				
-0.5714				
-0.31156				
-0.05334				
0.26382				
0.59841				
0.84926				
1.0037				
1.1456				
1.3003				
1.3691				
1.2845				
1.1073				
0.9201				
0.72895				
0.55576				
0.50045				
0.62791				
0.86809				
1.0935				
1.2161				
1.1938				
1.0478				
0.86093				
0.67553				
0.42364				
0.07832				
-0.21937				
-0.30205				
-0.1934				
-0.04957				
0.03265				
0.04305				
-0.0283				
-0.19111				
-0.42141				
-0.68112				
-0.9161				
-1.029				
-0.9735				
-0.86163				
-0.85684				
-0.96254				
-1.0688				
-1.1569				
-1.2897				
-1.4212				
-1.4189				
-1.2793				
-1.1453				
-1.092				
-1.0348				
-0.87058				
-0.58352				
-0.20767				
0.17863				
0.4192				
0.38731				
0.18734				
0.09852				
0.25974				
0.49716				
0.56706				
0.46411				
0.36321				
0.32111				
0.24401				
0.14203				
0.15997				
0.29198				
0.31322				
0.14162				
0.01202				
0.11523				
0.28221				
0.28972				
0.26717				
0.49827				
0.93595				
1.2495				
1.2899				
1.2231				
1.2004				
1.1677				
1.0385				
0.88403				
0.85213				
0.99868				
1.2402				
1.4549				
1.5863				
1.667				
1.7531				
1.8728				
2.0116				
2.0948				
2.0102				
1.7509				
1.5106				
1.4813				
1.583				
1.5554				
1.3098				
0.97862				
0.65576				
0.32179				
0.03526				
-0.04609				
0.11477				
0.37602				
0.58936				
0.68713				
0.62144				
0.37661				
0.02483				
-0.33681				
-0.68383				
-1.0398				
-1.398				
-1.7025				
-1.8638				
-1.8227				
-1.6575				
-1.5517				
-1.5547				
-1.5168				
-1.3255				
-1.0436				
-0.70913				
-0.28255				
0.11981				
0.1914				
-0.14346				
-0.55729				
-0.73095				
-0.71822				
-0.7011				
-0.66927				
-0.52358				
-0.30689				
-0.12671				
0.00269				
0.11187				
0.17223				
0.15315				
0.09369				
0.03517				
-0.04679				
-0.18903				
-0.36553				
-0.50464				
-0.56692				
-0.58521				
-0.62521				
-0.70749				
-0.79355				
-0.84525				
-0.86959				
-0.88983				
-0.90586				
-0.90421				
-0.88236				
-0.84743				
-0.80936				
-0.78061				
-0.76782				
-0.77433				
-0.81665				
-0.9058				
-1.0161				
-1.1152				
-1.2149				
-1.3376				
-1.4613				
-1.5614				
-1.6674				
-1.7973				
-1.8995				
-1.9494				
-2.0153				
-2.1091				
-2.0723				
-1.755				
-1.2166				
-0.61488				
-0.01647				
0.53801				
0.93454				
1.1272				
1.2472				
1.4139				
1.5682				
1.6229				
1.5908				
1.4471				
1.0887				
0.593				
0.2723				
0.28624				
0.42021				
0.44362				
0.45911				
0.63848				
0.82047				
0.67934				
0.18892				
-0.36419				
-0.7783				
-1.0888				
-1.322				
-1.3328				
-0.99088				
-0.39907				
0.18511				
0.58565				
0.80159				
0.91314				
0.98111				
1.0384				
1.1135				
1.2185				
1.3236				
1.3775				
1.3527				
1.2611				
1.1361				
1.026				
0.98001				
1.0131				
1.089				
1.1578				
1.1777				
1.0973				
0.86992				
0.53363				
0.21667				
0.02762				
-0.02575				
0.02444				
0.15708				
0.33182				
0.47453				
0.53867				
0.52133				
0.41933				
0.23093				
-0.00864				
-0.25821				
-0.51512				
-0.77723				
-1.007				
-1.1793				
-1.3037				
-1.352				
-1.2483				
-0.97396				
-0.61242				
-0.24967				
0.08424				
0.37044				
0.57693				
0.67208				
0.60065				
0.294				
-0.20167				
-0.67958				
-0.94184				
-0.97745				
-0.89913				
-0.78192				
-0.63328				
-0.46024				
-0.30154				
-0.20614				
-0.20531				
-0.2781				
-0.36142				
-0.41717				
-0.46744				
-0.51702				
-0.49996				
-0.35481				
-0.11335				
0.14765				
0.38417				
0.58523				
0.74135				
0.84718				
0.89982				
0.88187				
0.7672				
0.53622				
0.21407				
-0.10233				
-0.2593				
-0.16393				
0.12688				
0.44691				
0.66719				
0.74411				
0.67599				
0.49638				
0.29421				
0.15152				
0.06766				
-0.00244				
-0.07152				
-0.11972				
-0.13898				
-0.13305				
-0.10058				
-0.04929				
0.00383				
0.06131				
0.1424				
0.24361				
0.34321				
0.43544				
0.51893				
0.56706				
0.55715				
0.51894				
0.50691				
0.53888				
0.59004				
0.63343				
0.65441				
0.64382				
0.60367				
0.55034				
0.50144				
0.46463				
0.44817				
0.46271				
0.51158				
0.58425				
0.66162				
0.72087				
0.74343				
0.72574				
0.6734				
0.58721				
0.46859				
0.34089				
0.24439				
0.20142				
0.19591				
0.19009				
0.16282				
0.12259				
0.08221				
0.03095				
-0.04754				
-0.14408				
-0.23809				
-0.33155				
-0.43653				
-0.53074				
-0.57786				
-0.58566				
-0.60285				
-0.65028				
-0.71223				
-0.77414				
-0.82237				
-0.82358				
-0.76875				
-0.71143				
-0.70628				
-0.7369				
-0.76003				
-0.77631				
-0.79052				
-0.74684				
-0.58796				
-0.35228				
-0.14354				
-0.02201				
0.01944				
-0.00019				
-0.07131				
-0.17575				
-0.28865				
-0.38927				
-0.45623				
-0.47974				
-0.48465				
-0.50796				
-0.54631				
-0.56452				
-0.55748				
-0.55922				
-0.58598				
-0.61942				
-0.6505				
-0.69358				
-0.74508				
-0.77124				
-0.75077				
-0.70277				
-0.64951				
-0.57732				
-0.45451				
-0.2824				
-0.10972				
0.00999				
0.06754				
0.09581				
0.11721				
0.12599				
0.11929				
0.11838				
0.13988				
0.17766				
0.22355				
0.28707				
0.37755				
0.48231				
0.57125				
0.61505				
0.60257				
0.5535				
0.50606				
0.47939				
0.45325				
0.3994				
0.31998				
0.24462				
0.20075				
0.20092				
0.2389				
0.28726				
0.3176				
0.32866				
0.34004				
0.3583				
0.37218				
0.37997				
0.39665				
0.42326				
0.43664				
0.42114				
0.38706				
0.34987				
0.31653				
0.29332				
0.27986				
0.25604				
0.19654				
0.10862				
0.03203				
0.00575				
0.04391				
0.14314				
0.27719				
0.40117				
0.48366				
0.53081				
0.55838				
0.56092				
0.52911				
0.4708				
0.39718				
0.30651				
0.20192				
0.09696				
0.00021				
-0.07875				
-0.10596				
-0.04864				
0.06661				
0.1619				
0.1873				
0.15672				
0.09872				
0.01884				
-0.07871				
-0.17677				
-0.26478				
-0.34609				
-0.41854				
-0.47337				
-0.51322				
-0.5535				
-0.60109				
-0.65124				
-0.70325				
-0.75859				
-0.80618				
-0.82399				
-0.79818				
-0.73073				
-0.63753				
-0.54379				
-0.4757				
-0.443				
-0.43123				
-0.41693				
-0.38668				
-0.34165				
-0.28986				
-0.23813				
-0.18708				
-0.1342				
-0.08291				
-0.04374				
-0.02201				
-0.00896				
0.00641				
0.02483				
0.04405				
0.07176				
0.11725				
0.17755				
0.24179				
0.30696				
0.37413				
0.43568				
0.47991				
0.50711				
0.5285				
0.55369				
0.57986				
0.58781				
0.55165				
0.46828				
0.36696				
0.27675				
0.1964				
0.12204				
0.07984				
0.09257				
0.12811				
0.13112				
0.09126				
0.0398				
-0.00687				
-0.05233				
-0.0888				
-0.10596				
-0.1217				
-0.16168				
-0.21907				
-0.26789				
-0.30279				
-0.33107				
-0.33905				
-0.30097				
-0.22028				
-0.14031				
-0.10736				
-0.12954				
-0.17421				
-0.20588				
-0.21496				
-0.21065				
-0.20253				
-0.20076				
-0.21652				
-0.24074				
-0.23923				
-0.18924				
-0.11064				
-0.03714				
0.02162				
0.06967				
0.09904				
0.10025				
0.08187				
0.05522				
0.01354				
-0.05624				
-0.14736				
-0.23429				
-0.29242				
-0.31014				
-0.28648				
-0.23051				
-0.16044				
-0.09764				
-0.05646				
-0.03918				
-0.04037				
-0.05567				
-0.08655				
-0.13557				
-0.19683				
-0.25005				
-0.26765				
-0.23786				
-0.17811				
-0.11658				
-0.0638				
-0.01661				
0.02298				
0.05309				
0.08397				
0.12104				
0.14771				
0.14872				
0.13407				
0.11485				
0.07941				
0.0254				
-0.01113				
0.00123				
0.04011				
0.05991				
0.05556				
0.0588				
0.08737				
0.12738				
0.15962				
0.17688				
0.18047				
0.17305				
0.15585				
0.13119				
0.10619				
0.08811				
0.07628				
0.0692				
0.0738				
0.09579				
0.12396				
0.14137				
0.14601				
0.14673				
0.14309				
0.12635				
0.09374				
0.05543				
0.03056				
0.04				
0.08335				
0.13178				
0.15412				
0.15012				
0.1323				
0.09599				
0.03445				
-0.024				
-0.03412				
0.01167				
0.07665				
0.12802				
0.16615				
0.20112				
0.22495				
0.22181				
0.19319				
0.16078				
0.14591				
0.15394				
0.17425				
0.19198				
0.2016				
0.20924				
0.21855				
0.21743				
0.19047				
0.14376				
0.10576				
0.09622				
0.1055				
0.10824				
0.09012				
0.05672				
0.02572				
0.01177				
0.01059				
0.00067				
-0.03042				
-0.06752				
-0.08855				
-0.09324				
-0.09779				
-0.10738				
-0.11442				
-0.12034				
-0.14155				
-0.1844				
-0.23093				
-0.25625				
-0.25442				
-0.23522				
-0.2063				
-0.16885				
-0.1289				
-0.09712				
-0.07683				
-0.06403				
-0.06092				
-0.07632				
-0.10786				
-0.13746				
-0.14809				
-0.13733				
-0.1121				
-0.08138				
-0.05165				
-0.0238				
0.00582				
0.03742				
0.06697				
0.09275				
0.1164				
0.13855				
0.15983				
0.17996				
0.18901				
0.16859				
0.12116				
0.08034				
0.07327				
0.07995				
0.06502				
0.03082				
0.00908				
0.00715				
0.00272				
-0.01352				
-0.02765				
-0.0391				
-0.06687				
-0.10829				
-0.13069				
-0.1216				
-0.11176				
-0.12674				
-0.14577				
-0.13292				
-0.08672				
-0.03266				
0.01463				
0.05839				
0.1025				
0.14548				
0.17938				
0.18774				
0.16125				
0.11906				
0.09053				
0.07805				
0.06129				
0.03871				
0.03333				
0.05994				
0.1098				
0.16695				
0.2103				
0.21279				
0.1637				
0.08444				
0.00015				
-0.08157				
-0.14669				
-0.162				
-0.11217				
-0.02728				
0.05163				
0.10665				
0.13362				
0.12517				
0.08551				
0.0342				
-0.01925				
-0.08179				
-0.14899				
-0.19606				
-0.21495				
-0.23056				
-0.26536				
-0.30234				
-0.30214				
-0.25109				
-0.17569				
-0.10974				
-0.06325				
-0.03539				
-0.03207				
-0.05463				
-0.08854				
-0.12128				
-0.15694				
-0.19293				
-0.20194				
-0.16116				
-0.08853				
-0.02042				
0.02828				
0.06122				
0.07774				
0.07878				
0.07724				
0.08623				
0.10954				
0.14905				
0.19763				
0.22721				
0.21457				
0.18025				
0.16423				
0.16828				
0.15894				
0.12617				
0.09445				
0.07323				
0.04206				
-0.00546				
-0.03885				
-0.02734				
0.02552				
0.08819				
0.13054				
0.14084				
0.12457				
0.09101				
0.04616				
-0.0015				
-0.03887				
-0.05823				
-0.0605				
-0.04275				
0.00061				
0.05553				
0.08836				
0.08161				
0.0543				
0.03202				
0.01748				
-0.00166				
-0.03141				
-0.06728				
-0.09526				
-0.09889				
-0.08003				
-0.06568				
-0.07929				
-0.11311				
-0.14564				
-0.17054				
-0.19185				
-0.20363				
-0.19758				
-0.17918				
-0.16172				
-0.15335				
-0.15626				
-0.16672				
-0.17644				
-0.18415				
-0.19692				
-0.213				
-0.2216				
-0.22704				
-0.24701				
-0.27131				
-0.26152				
-0.20743				
-0.15012				
-0.12423				
-0.1206				
-0.11553				
-0.09924				
-0.06238				
0.00345				
0.07841				
0.1243				
0.12994				
0.12155				
0.12211				
0.13048				
0.1398				
0.15099				
0.1623				
0.16458				
0.15299				
0.13367				
0.12022				
0.12386				
0.14666				
0.18269				
0.22601				
0.26824				
0.29567				
0.30063				
0.29178				
0.28334				
0.28323				
0.29805				
0.33492				
0.38234				
0.40798				
0.39107				
0.34651				
0.29896				
0.25396				
0.20667				
0.16539				
0.14425				
0.14248				
0.14573				
0.14478				
0.14119				
0.13714				
0.12721				
0.10262				
0.0613				
0.00912				
-0.05106				
-0.11926				
-0.18541				
-0.23159				
-0.25538				
-0.2714				
-0.28324				
-0.26853				
-0.21575				
-0.15492				
-0.13138				
-0.15075				
-0.18265				
-0.2025				
-0.21118				
-0.21579				
-0.21812				
-0.21988				
-0.22401				
-0.22702				
-0.22179				
-0.20911				
-0.19615				
-0.18477				
-0.17044				
-0.15056				
-0.12755				
-0.1042				
-0.08049				
-0.05482				
-0.02641				
0.00463				
0.03918				
0.07818				
0.11783				
0.14729				
0.15703				
0.14796				
0.12957				
0.10978				
0.09143				
0.07386				
0.05487				
0.03383				
0.01389				
-0.0035				
-0.02588				
-0.0603				
-0.09731				
-0.11651				
-0.11357				
-0.10566				
-0.10797				
-0.11721				
-0.12479				
-0.13172				
-0.14234				
-0.15299				
-0.15668				
-0.15335				
-0.14989				
-0.15412				
-0.16998				
-0.18998				
-0.19282				
-0.1624				
-0.10937				
-0.06134				
-0.02973				
-0.00441				
0.02054				
0.03523				
0.03386				
0.02602				
0.01987				
0.01141				
-0.00301				
-0.01713				
-0.02346				
-0.01897				
-0.00202				
0.02386				
0.04534				
0.05098				
0.04492				
0.03698				
0.02638				
0.00796				
-0.01257				
-0.02404				
-0.02629				
-0.02903				
-0.037				
-0.04659				
-0.05543				
-0.06603				
-0.07969				
-0.09372				
-0.10571				
-0.11576				
-0.12294				
-0.12391				
-0.11746				
-0.10587				
-0.08812				
-0.057				
-0.0128				
0.02626				
0.03985				
0.03296				
0.03127				
0.04856				
0.07319				
0.09318				
0.11431				
0.14268				
0.16572				
0.16817				
0.15475				
0.14156				
0.12983				
0.10382				
0.05208				
-0.01493				
-0.06861				
-0.08152				
-0.05071				
-0.00324				
0.02915				
0.03696				
0.03158				
0.02323				
0.01411				
0.00441				
-0.0047				
-0.01065				
-0.00625				
0.01502				
0.04562				
0.06847				
0.07694				
0.07909				
0.07953				
0.07334				
0.06075				
0.05322				
0.06038				
0.08052				
0.10733				
0.13593				
0.16012				
0.17088				
0.16249				
0.13855				
0.10909				
0.08372				
0.06629				
0.06293				
0.08469				
0.13299				
0.18207				
0.20122				
0.18949				
0.17226				
0.15863				
0.13076				
0.08153				
0.03771				
0.02693				
0.04374				
0.06653				
0.09008				
0.12217				
0.16054				
0.19307				
0.213				
0.22169				
0.22025				
0.20945				
0.19189				
0.17036				
0.14763				
0.12907				
0.11373				
0.09209				
0.06513				
0.05497				
0.07263				
0.09142				
0.07754				
0.03545				
-0.00523				
-0.03605				
-0.06863				
-0.10175				
-0.12079				
-0.12091				
-0.10421				
-0.07055				
-0.03122				
-0.00976				
-0.0167				
-0.03996				
-0.06965				
-0.10302				
-0.12534				
-0.11796				
-0.09038				
-0.07234				
-0.07281				
-0.07611				
-0.07186				
-0.06523				
-0.06176				
-0.06206				
-0.06505				
-0.06723				
-0.06961				
-0.08552				
-0.12325				
-0.16379				
-0.18105				
-0.17728				
-0.17364				
-0.17591				
-0.17488				
-0.16984				
-0.16798				
-0.16918				
-0.16921				
-0.16872				
-0.16744				
-0.16133				
-0.15283				
-0.14564				
-0.12894				
-0.08718				
-0.0295				
0.01508				
0.03166				
0.0314				
0.0274				
0.01888				
0.00481				
-0.00272				
0.01066				
0.04361				
0.07783				
0.09277				
0.08147				
0.0539				
0.0238				
-0.00181				
-0.02077				
-0.03104				
-0.0345				
-0.0376				
-0.04501				
-0.05517				
-0.06566				
-0.07759				
-0.09181				
-0.10487				
-0.11261				
-0.11439				
-0.11198				
-0.10804				
-0.10603				
-0.10845				
-0.11337				
-0.11515				
-0.11075				
-0.10439				
-0.10212				
-0.10309				
-0.10223				
-0.10037				
-0.10213				
-0.10521				
-0.10436				
-0.10494				
-0.11133				
-0.10472				
-0.05931				
0.01101				
0.05833				
0.06153				
0.05345				
0.06772				
0.09468				
0.10724				
0.10415				
0.10076				
0.10095				
0.09938				
0.0974				
0.09891				
0.10114				
0.10076				
0.10031				
0.10191				
0.10309				
0.10272				
0.10308				
0.1045				
0.105				
0.10485				
0.10578				
0.10704				
0.1067				
0.10429				
0.09992				
0.09399				
0.08843				
0.0841				
0.07828				
0.07202				
0.07538				
0.09535				
0.1209				
0.1343				
0.13354				
0.13068				
0.13051				
0.12835				
0.12528				
0.12647				
0.12398				
0.10166				
0.06196				
0.02828				
0.01558				
0.01391				
0.0089				
0.00132				
-0.00063				
0.00275				
0.0052				
0.00556				
0.00783				
0.01186				
0.01222				
0.00672				
-0.00044				
-0.0072				
-0.0181				
-0.03607				
-0.05536				
-0.06911				
-0.07788				
-0.08459				
-0.08768				
-0.08687				
-0.08493				
-0.07696				
-0.0505				
-0.00841				
0.02558				
0.03494				
0.03032				
0.02892				
0.03217				
0.03556				
0.04402				
0.06214				
0.08314				
0.10008				
0.11457				
0.12562				
0.12452				
0.10919				
0.08801				
0.06388				
0.02862				
-0.02004				
-0.06822				
-0.0989				
-0.10841				
-0.10552				
-0.09885				
-0.09054				
-0.08078				
-0.07441				
-0.07664				
-0.08354				
-0.08535				
-0.08095				
-0.07619				
-0.06675				
-0.03966				
0.00005				
0.02477				
0.01559				
-0.01592				
-0.04792				
-0.07115				
-0.08644				
-0.09417				
-0.09645				
-0.09699				
-0.09592				
-0.09146				
-0.08476				
-0.07362				
-0.05072				
-0.01972				
-0.00098				
-0.00473				
-0.0135				
-0.00772				
0.00485				
0.00462				
-0.01048				
-0.02998				
-0.05275				
-0.08251				
-0.10901				
-0.11466				
-0.09614				
-0.06794				
-0.0465				
-0.0408				
-0.05046				
-0.06502				
-0.07068				
-0.06297				
-0.0493				
-0.0372				
-0.02685				
-0.01517				
-0.0018				
0.01095				
0.02039				
0.02503				
0.02613				
0.02647				
0.02732				
0.02827				
0.02957				
0.03117				
0.03067				
0.02546				
0.01565				
0.00238				
-0.01287				
-0.025				
-0.02683				
-0.01741				
-0.00376				
0.00811				
0.0182				
0.02754				
0.03466				
0.03955				
0.0449				
0.05019				
0.04985				
0.04174				
0.03172				
0.02502				
0.01832				
0.00732				
-0.0006				
0.00675				
0.02637				
0.03931				
0.03605				
0.02731				
0.0239				
0.02146				
0.0143				
0.00723				
0.00123				
-0.01637				
-0.04949				
-0.07576				
-0.07052				
-0.04064				
-0.01401				
-0.00588				
-0.00773				
-0.00389				
0.01448				
0.0447				
0.07559				
0.0969				
0.1083				
0.11428				
0.11335				
0.09962				
0.07237				
0.03544				
-0.00688				
-0.0468				
-0.07369				
-0.08514				
-0.08804				
-0.08684				
-0.08216				
-0.08098				
-0.09194				
-0.10864				
-0.11516				
-0.10712				
-0.0928				
-0.07544				
-0.05565				
-0.04327				
-0.04839				
-0.06333				
-0.0732				
-0.0758				
-0.07452				
-0.06128				
-0.02808				
0.01161				
0.03513				
0.0392				
0.03865				
0.04135				
0.04164				
0.03533				
0.02905				
0.03312				
0.05296				
0.0863				
0.1219				
0.14131				
0.13177				
0.10009				
0.06516				
0.03841				
0.01802				
0.00376				
0.0053				
0.03014				
0.06884				
0.10418				
0.12864				
0.1419				
0.13911				
0.11672				
0.0853				
0.06292				
0.05649				
0.05829				
0.0602				
0.06112				
0.06155				
0.05986				
0.05491				
0.04583				
0.03148				
0.01524				
0.00603				
0.00928				
0.01966				
0.02589				
0.01817				
-0.00763				
-0.04395				
-0.07207				
-0.0792				
-0.0736				
-0.07016				
-0.06924				
-0.0625				
-0.05049				
-0.03615				
-0.01097				
0.02952				
0.06715				
0.08011				
0.07349				
0.06527				
0.05599				
0.03819				
0.0245				
0.0351				
0.0651				
0.09274				
0.11046				
0.12374				
0.12875				
0.12033				
0.1099				
0.10993				
0.10534				
0.07124				
0.01244				
-0.04009				
-0.07279				
-0.09754				
-0.12182				
-0.13761				
-0.14268				
-0.14657				
-0.15364				
-0.15832				
-0.15953				
-0.16213				
-0.16233				
-0.14836				
-0.11803				
-0.08083				
-0.04423				
-0.01224				
0.00701				
0.00911				
0.00425				
0.00572				
0.01049				
0.00444				
-0.01667				
-0.04363				
-0.06655				
-0.07816				
-0.07075				
-0.04582				
-0.01976				
-0.00612				
-0.00031				
0.00683				
0.01104				
0.00328				
-0.01516				
-0.0379				
-0.06479				
-0.09155				
-0.10163				
-0.08295				
-0.04658				
-0.01353				
0.00645				
0.01676				
0.02373				
0.03231				
0.04203				
0.04385				
0.0287				
0.0027				
-0.01752				
-0.0249				
-0.0272				
-0.03041				
-0.03162				
-0.02926				
-0.02896				
-0.03226				
-0.0291				
-0.00921				
0.02398				
0.05706				
0.08105				
0.096				
0.10365				
0.10131				
0.08514				
0.05717				
0.02638				
0.00287				
-0.00877				
-0.00944				
-0.00098				
0.01521				
0.03508				
0.05258				
0.06628				
0.08082				
0.0987				
0.11536				
0.12474				
0.12692				
0.12743				
0.13241				
0.14364				
0.15805				
0.17186				
0.18421				
0.19492				
0.20003				
0.19219				
0.16496				
0.11698				
0.05516				
-0.00513				
-0.05137				
-0.08673				
-0.11814				
-0.13506				
-0.11982				
-0.08108				
-0.04949				
-0.04029				
-0.04403				
-0.05695				
-0.08755				
-0.12481				
-0.13419				
-0.10183				
-0.059				
-0.04059				
-0.04439				
-0.04829				
-0.04796				
-0.05235				
-0.05953				
-0.06115				
-0.06213				
-0.07307				
-0.08975				
-0.10117				
-0.1136				
-0.14194				
-0.17937				
-0.19831				
-0.18615				
-0.15751				
-0.12857				
-0.09991				
-0.07026				
-0.04719				
-0.03598				
-0.03159				
-0.0283				
-0.02813				
-0.0344				
-0.0448				
-0.05625				
-0.07026				
-0.08835				
-0.10726				
-0.12287				
-0.13542				
-0.14668				
-0.15641				
-0.16479				
-0.17453				
-0.18471				
-0.18603				
-0.16921				
-0.13747				
-0.10276				
-0.07147				
-0.04071				
-0.00852				
0.02064				
0.04222				
0.05773				
0.07204				
0.08801				
0.10478				
0.11935				
0.12952				
0.13659				
0.14379				
0.15237				
0.16084				
0.16792				
0.17375				
0.17799				
0.17878				
0.17446				
0.16527				
0.15317				
0.13958				
0.12295				
0.09946				
0.0685				
0.03691				
0.01478				
0.00767				
0.01388				
0.029				
0.04743				
0.06295				
0.07137				
0.07444				
0.07601				
0.07615				
0.07226				
0.06511				
0.05826				
0.05281				
0.04747				
0.04256				
0.04004				
0.04085				
0.04564				
0.05551				
0.06654				
0.06811				
0.05471				
0.03652				
0.0274				
0.02504				
0.01372				
-0.00885				
-0.02141				
-0.00525				
0.02843				
0.056				
0.07417				
0.09601				
0.11659				
0.11343				
0.08259				
0.04771				
0.02312				
0.00144				
-0.01367				
0.00044				
0.04323				
0.07833				
0.08242				
0.07277				
0.06511				
0.04377				
-0.00225				
-0.04833				
-0.06817				
-0.06813				
-0.06522				
-0.05829				
-0.04228				
-0.02552				
-0.0146				
-0.00239				
0.0134				
0.01989				
0.00989				
-0.00282				
-0.00175				
0.01233				
0.02672				
0.03217				
0.02855				
0.02121				
0.01489				
0.00979				
0.00423				
-0.00093				
-0.00425				
-0.00781				
-0.01326				
-0.01628				
-0.01568				
-0.02372				
-0.05589				
-0.10776				
-0.15547				
-0.17942				
-0.18159				
-0.17592				
-0.17115				
-0.16652				
-0.15993				
-0.15221				
-0.14385				
-0.13331				
-0.1212				
-0.11118				
-0.10335				
-0.09259				
-0.07905				
-0.07181				
-0.0755				
-0.08248				
-0.08779				
-0.09981				
-0.12312				
-0.14265				
-0.14077				
-0.12234				
-0.10552				
-0.09726				
-0.09105				
-0.08158				
-0.06735				
-0.04711				
-0.02408				
-0.00721				
0.0017				
0.01403				
0.04036				
0.07464				
0.10085				
0.10995				
0.10609				
0.09833				
0.09292				
0.09198				
0.09677				
0.1081				
0.12226				
0.13166				
0.13401				
0.13604				
0.1419				
0.14416				
0.13317				
0.11189				
0.09237				
0.08031				
0.07088				
0.06041				
0.05317				
0.05305				
0.05598				
0.05619				
0.05646				
0.06306				
0.07259				
0.07468				
0.06824				
0.06179				
0.05648				
0.04592				
0.03271				
0.02583				
0.0218				
0.00964				
-0.00449				
-0.00263				
0.01702				
0.03889				
0.05606				
0.06962				
0.07151				
0.05224				
0.022				
-0.00104				
-0.01102				
-0.01027				
0.00084				
0.01655				
0.02843				
0.04034				
0.05826				
0.06435				
0.03257				
-0.0288				
-0.085				
-0.12487				
-0.16451				
-0.20252				
-0.21295				
-0.18861				
-0.15447				
-0.13064				
-0.109				
-0.07555				
-0.03768				
-0.01663				
-0.02181				
-0.03914				
-0.04718				
-0.03697				
-0.01721				
-0.00115				
0.00421				
0.00022				
-0.00578				
-0.00379				
0.00923				
0.02233				
0.02009				
-0.00164				
-0.03406				
-0.06416				
-0.08003				
-0.07465				
-0.05463				
-0.03952				
-0.04621				
-0.07196				
-0.09684				
-0.10289				
-0.08945				
-0.06879				
-0.05117				
-0.0396				
-0.03582				
-0.04247				
-0.05481				
-0.05974				
-0.04962				
-0.03129				
-0.01452				
-0.00028				
0.01447				
0.02911				
0.04328				
0.06034				
0.07979				
0.09362				
0.09624				
0.09299				
0.09153				
0.09203				
0.09064				
0.08743				
0.08463				
0.08187				
0.07789				
0.07398				
0.07135				
0.06835				
0.06392				
0.06047				
0.05983				
0.06042				
0.06097				
0.06256				
0.06485				
0.06519				
0.06289				
0.0597				
0.05517				
0.04673				
0.03488				
0.02361				
0.01593				
0.0126				
0.01313				
0.01484				
0.01557				
0.01833				
0.02324				
0.0177				
-0.0111				
-0.05205				
-0.07959				
-0.08541				
-0.08415				
-0.08546				
-0.0859				
-0.08698				
-0.0972				
-0.11074				
-0.10859				
-0.08481				
-0.05336				
-0.02661				
-0.00589				
0.00849				
0.0137				
0.01243				
0.01065				
0.01084				
0.01383				
0.02181				
0.03161				
0.03384				
0.02494				
0.01261				
0.00393				
-0.003				
-0.01185				
-0.02132				
-0.03031				
-0.04158				
-0.05604				
-0.0691				
-0.07626				
-0.07799				
-0.07756				
-0.077				
-0.07658				
-0.07546				
-0.0728				
-0.06939				
-0.06694				
-0.06405				
-0.05601				
-0.04205				
-0.02909				
-0.02361				
-0.02258				
-0.01823				
-0.00916				
0.00002				
0.00742				
0.01525				
0.02334				
0.02772				
0.02569				
0.01838				
0.00906				
0.00306				
0.00572				
0.01642				
0.0275				
0.03341				
0.03598				
0.03815				
0.03916				
0.03972				
0.04621				
0.06232				
0.0807				
0.08916				
0.08541				
0.07809				
0.07393				
0.06994				
0.06074				
0.04892				
0.04321				
0.04772				
0.05746				
0.06651				
0.07494				
0.08582				
0.09952				
0.11354				
0.12468				
0.13013				
0.13016				
0.12923				
0.13189				
0.13512				
0.13046				
0.11445				
0.09278				
0.07118				
0.04895				
0.02403				
-0.00047				
-0.01903				
-0.0305				
-0.03919				
-0.04926				
-0.06049				
-0.06976				
-0.07548				
-0.07904				
-0.0823				
-0.08472				
-0.08407				
-0.07902				
-0.07073				
-0.0619				
-0.05428				
-0.04672				
-0.03725				
-0.02762				
-0.02254				
-0.02345				
-0.02662				
-0.02942				
-0.03306				
-0.03856				
-0.04478				
-0.05156				
-0.05962				
-0.06686				
-0.06921				
-0.06477				
-0.05497				
-0.04346				
-0.03587				
-0.03577				
-0.0399				
-0.04255				
-0.04332				
-0.04343				
-0.03811				
-0.02247				
-0.00083				
0.01887				
0.03575				
0.05137				
0.06157				
0.06103				
0.05172				
0.03992				
0.03014				
0.02334				
0.01571				
0.00047				
-0.02175				
-0.03909				
-0.04283				
-0.03842				
-0.03491				
-0.03299				
-0.03077				
-0.03171				
-0.03934				
-0.05176				
-0.06631				
-0.07913				
-0.08026				
-0.06099				
-0.02874				
-0.00036				
0.0173				
0.02979				
0.04				
0.04365				
0.03934				
0.03188				
0.02414				
0.01459				
0.00411				
-0.00354				
-0.00794				
-0.01169				
-0.01479				
-0.01596				
-0.01751				
-0.02206				
-0.02583				
-0.02214				
-0.00977				
0.00733				
0.02696				
0.04573				
0.0544				
0.04545				
0.02567				
0.00966				
0.00384				
0.00258				
-0.00034				
-0.00513				
-0.00836				
-0.00674				
0.00119				
0.01302				
0.02389				
0.03176				
0.03846				
0.04478				
0.04887				
0.0503				
0.05123				
0.05293				
0.05448				
0.05534				
0.0561				
0.057				
0.05778				
0.05852				
0.0593				
0.06				
0.06092				
0.06199				
0.06166				
0.0584				
0.05342				
0.04961				
0.04805				
0.04727				
0.04603				
0.04465				
0.04352				
0.0421				
0.04012				
0.03817				
0.03662				
0.03497				
0.03294				
0.03102				
0.02956				
0.02807				
0.02559				
0.02111				
0.01359				
0.00205				
-0.0143				
-0.03556				
-0.0605				
-0.0858				
-0.10676				
-0.11996				
-0.12484				
-0.12256				
-0.1147				
-0.10391				
-0.09292				
-0.08258				
-0.0722				
-0.06236				
-0.05497				
-0.05003				
-0.0453				
-0.04008				
-0.03643				
-0.03486				
-0.03297				
-0.02957				
-0.02683				
-0.02688				
-0.0297				
-0.03421				
-0.03854				
-0.04012				
-0.03932				
-0.03988				
-0.04248				
-0.04294				
-0.04102				
-0.04383				
-0.05489				
-0.06769				
-0.07512				
-0.0777				
-0.07747				
-0.07314				
-0.06459				
-0.05266				
-0.03306				
-0.00535				
0.01409				
0.00545				
-0.02503				
-0.04861				
-0.04793				
-0.03309				
-0.02053				
-0.01383				
-0.00873				
-0.00397				
-0.0003				
0.00267				
0.00473				
0.00517				
0.00472				
0.00467				
0.00504				
0.00573				
0.00748				
0.01006				
0.01155				
0.01028				
0.00647				
0.00236				
0.00189				
0.00859				
0.02239				
0.03968				
0.05661				
0.0704				
0.07886				
0.0811				
0.07834				
0.07244				
0.06462				
0.05584				
0.04734				
0.03946				
0.03136				
0.02245				
0.01427				
0.01				
0.01173				
0.0172				
0.02049				
0.01776				
0.01121				
0.0045				
-0.00288				
-0.01111				
-0.01393				
-0.00534				
0.00998				
0.02304				
0.0335				
0.04712				
0.06284				
0.07309				
0.0768				
0.07975				
0.08229				
0.07665				
0.06108				
0.04334				
0.03062				
0.02255				
0.01657				
0.01194				
0.00805				
0.00347				
-0.00174				
-0.00628				
-0.01044				
-0.01528				
-0.02023				
-0.02448				
-0.029				
-0.03427				
-0.03813				
-0.0385				
-0.03653				
-0.03457				
-0.03282				
-0.0302				
-0.02685				
-0.0238				
-0.02103				
-0.01784				
-0.01449				
-0.01202				
-0.01068				
-0.00973				
-0.00871				
-0.00774				
-0.00667				
-0.0054				
-0.00484				
-0.00627				
-0.00938				
-0.01253				
-0.01517				
-0.01825				
-0.02124				
-0.02139				
-0.01757				
-0.0124				
-0.00836				
-0.00496				
-0.00087				
0.00473				
0.01402				
0.02823				
0.0429				
0.05186				
0.05611				
